0 [1, 0, 0, 3] r3 = r[n] + r[v]
4 [1, 1, 2, 3] r3 = n + v
8 [1, 3, 4, 3]
12 [1, 5, 0, 3]
16 [2, 1, 6, 19]
20 [2, 19, 6, 23]
24 [1, 23, 5, 27]
28 [1, 9, 27, 31]
32 [1, 31, 10, 35]
36 [2, 35, 9, 39]
40 [1, 5, 39, 43]
44 [2, 43, 9, 47]
48 [1, 5, 47, 51]
52 [2, 51, 13, 55]
56 [1, 55, 10, 59]
60 [1, 59, 10, 63]
64 [2, 9, 63, 67]
68 [1, 67, 5, 71]
72 [2, 13, 71, 75]
76 [1, 75, 10, 79]
80 [1, 79, 6, 83]
84 [2, 13, 83, 87]
88 [1, 87, 6, 91]
92 [1, 6, 91, 95]
96 [1, 10, 95, 99]
100 [2, 99, 6, 103]
104 [1, 103, 5, 107]
108 [2, 6, 107, 111]
112 [1, 10, 111, 115]
116 [1, 115, 5, 119]
120 [2, 6, 119, 123]
124 [1, 123, 5, 127]
128 [2, 127, 6, 131]
132 [1, 131, 5, 135]
136 [1, 2, 135, 139]
140 [1, 139, 13, 0]
144 [99, 2, 0, 14]
148 [0]